node_id,0,1,2,3,4,5,6,7,8,9,10,11,12,13,14,15,16,17,18,19,20,21,22,23,24,25,26,27,28,29,30,31,32,33,34,35,36,37,38,39,40,41,42,43,44,45,46,47,48,49,50,51,52,53,54,55,56,57,58,59,60,61,62,63,64,65,66,67,68,69,70,71,72,73,74,75,76,77,78,79,80,81,82,83,84,85,86,87,88,89,90,91,92,93,94,95,96,97,98,99
0,0.000000,99.217619,138.119242,216.830357,322.441777,390.637341,464.226746,539.644068,601.376546,674.247102,55.431179,110.245725,194.049469,222.896564,324.518630,406.159123,475.704350,523.906894,604.252026,712.282368,129.355823,159.005674,208.446781,287.724935,365.954505,436.565570,504.640937,560.167170,635.324674,729.119638,216.141950,216.867790,266.276847,313.461615,371.595978,470.864250,501.933886,594.858557,666.798051,722.876242,265.800105,291.588353,361.600824,387.747078,437.563536,493.628117,585.285602,619.440327,696.291593,776.859425,358.849529,380.496956,415.913187,445.553609,501.910457,555.182352,592.405107,664.248116,760.501020,819.572414,415.795429,429.098135,484.197741,506.661007,576.237717,593.429541,663.850031,724.513129,775.009965,819.946306,496.806008,508.813510,570.713867,575.455312,638.969080,684.141310,718.146641,763.769820,854.293231,917.752358,606.646758,584.432943,599.024012,645.564912,673.335557,716.180693,789.354304,831.786739,896.795925,941.597900,678.580267,686.456092,690.555664,713.036074,738.198601,801.467165,858.967266,881.581455,914.753965,1003.072258
1,99.217619,0.000000,54.739772,118.697587,224.010837,291.656231,365.449987,441.412360,502.445161,575.175524,106.194804,82.521228,100.315996,124.895976,225.561805,308.009472,376.885375,424.708581,505.251124,613.068364,143.178636,139.414243,139.638155,205.717891,273.913345,341.554404,407.172545,462.296946,537.159738,630.685955,214.262514,189.882634,205.404252,244.158019,287.075481,380.932467,409.835868,500.839063,570.848487,627.572450,263.053238,256.346826,310.597683,324.360479,363.308733,411.232679,498.875120,530.631920,605.541877,682.075349,361.650703,356.819712,373.708148,386.497236,430.926727,476.540738,509.988990,577.945307,673.011891,728.441005,408.036508,406.445580,443.136835,458.060593,513.419675,524.800647,591.144491,645.829757,689.616650,732.458550,489.236194,488.526508,537.184851,525.487484,582.556511,619.986196,645.237864,689.359309,773.345005,834.842310,596.981722,560.073254,564.229179,602.020236,620.763317,657.210793,722.443398,762.352918,822.013876,862.431010,670.586762,663.834139,657.383539,674.675191,689.773311,746.731639,795.842373,813.850381,841.973532,924.948646
2,138.119242,54.739772,0.000000,87.496562,190.344612,260.189311,332.013537,405.317263,469.292422,542.867693,157.810269,135.439296,107.286886,115.109722,203.734004,288.824737,353.367716,396.886856,479.449870,582.932813,197.670417,189.907124,169.705778,218.657287,270.309379,330.637733,389.034393,442.297345,515.562745,607.542048,265.582797,236.021820,235.650543,266.619349,293.561171,378.121309,403.226831,489.842456,555.375134,613.173005,313.248125,297.134389,342.468606,348.339988,378.013500,417.213917,499.094484,527.475732,599.075477,668.447979,411.724276,399.630261,408.645282,411.925358,447.083304,485.354158,514.609107,577.543535,670.494594,720.717414,455.111043,448.908217,477.538085,488.444836,534.488246,541.547208,604.002019,652.972293,689.504275,729.616319,535.670973,530.944688,573.987596,554.330171,607.081287,639.103472,657.491356,700.043100,777.526305,836.735319,642.123946,600.419887,600.246083,633.576071,647.267991,679.529253,738.864215,776.642776,831.655101,867.943945,715.886714,704.187573,693.459956,708.273621,718.138583,771.126505,814.560434,829.171527,853.206564,931.199054
3,216.830357,118.697587,87.496562,0.000000,105.617538,174.404284,247.529419,322.874386,384.814375,457.974445,221.624637,172.987925,74.113308,50.000954,116.692988,201.909486,265.875085,310.040570,392.247049,497.047364,237.671114,211.501764,150.764996,164.131384,192.849488,246.718871,302.045561,354.936892,428.071160,520.088727,283.702033,240.392907,206.797990,221.849346,225.466226,298.959684,321.117405,404.886377,468.719193,526.726316,324.648361,283.920176,308.844399,301.234812,316.797737,345.218792,420.967718,446.690870,515.951901,582.154925,419.102831,386.331636,378.117609,364.816755,386.023032,415.207307,440.056747,498.401171,589.474290,636.634013,451.552758,433.276186,444.068654,447.497562,478.363563,479.671858,536.868599,579.649891,610.046794,648.203144,528.535738,513.348368,543.316324,509.568992,554.873970,579.109508,589.254780,629.875768,701.019886,758.255499,629.757311,576.844433,567.613677,592.265684,597.560257,623.411814,674.749799,709.863156,759.800351,792.237596,703.114607,679.325281,659.776023,669.758297,670.621033,717.178641,752.760388,763.272687,782.833028,855.934754
4,322.441777,224.010837,190.344612,105.617538,0.000000,70.061394,142.023722,217.406729,279.371985,352.731839,324.722205,269.058578,153.947578,115.909502,53.468807,118.600337,169.433240,207.671438,291.088219,392.600073,330.981615,296.405825,215.197078,182.596241,153.952619,176.946062,212.842429,261.082722,330.955468,420.608690,361.103040,310.688677,250.108654,242.426586,204.510561,241.561338,253.138094,323.777001,378.911340,437.476571,394.514441,334.330482,333.704527,308.113885,298.683510,302.946108,360.342655,378.166084,439.163530,493.216112,481.182699,429.495317,401.705699,366.434703,363.236735,373.219746,387.424230,433.039163,517.635380,555.459945,501.907753,471.572331,460.302608,453.402798,459.713177,451.045865,496.683171,526.027152,541.937673,574.616637,572.604312,546.309415,559.355336,507.436582,539.945024,550.717206,545.676406,581.731527,638.642833,690.830045,665.498138,600.775349,580.361308,592.504464,585.321502,600.426943,637.113042,666.829457,706.435084,730.640104,736.923003,699.231879,668.794675,672.032566,659.987281,695.797621,717.913431,721.085186,732.089218,794.716518
5,390.637341,291.656231,260.189311,174.404284,70.061394,0.000000,74.294649,152.227729,210.792475,283.652046,389.589788,329.779037,212.694470,175.636097,78.727009,76.137641,104.135122,137.792810,221.431232,322.800507,388.974738,350.199268,262.344034,209.746037,147.865853,138.268921,152.418032,195.706003,262.960943,351.326591,408.900095,355.868839,283.633556,263.496649,202.824052,207.072776,208.981153,266.475295,314.844886,373.305828,436.970086,367.114058,351.002294,315.421788,289.697237,276.093177,317.229876,328.787820,382.932067,428.906299,516.941002,454.532435,415.243805,367.106539,347.382993,343.277372,349.304854,384.744550,463.756181,495.373449,529.775550,492.401172,467.177752,453.684122,443.283493,428.005744,464.568440,484.205982,490.238562,519.092944,595.123336,562.054787,563.753333,500.913370,524.109623,525.582602,510.346281,542.794245,589.735107,638.340594,681.185585,609.623747,582.188681,585.815432,570.430993,578.083634,604.460165,630.260585,662.757596,681.541567,750.486932,704.000555,666.745442,665.463665,645.005771,673.218287,686.199861,684.532892,689.893539,745.472459
6,464.226746,365.449987,332.013537,247.529419,142.023722,74.294649,0.000000,78.548880,137.355020,210.856154,463.882329,403.730518,286.599799,249.785686,150.466973,108.470421,77.569397,77.848520,159.437272,251.846272,462.227083,422.293487,332.727069,272.530988,195.166071,155.306346,128.336763,152.659599,207.814757,289.380452,478.323712,424.481489,347.507507,320.798769,247.689614,219.122279,207.603347,238.043571,269.674908,326.503218,503.609998,429.109109,403.272779,361.300710,322.859284,291.699034,309.750769,311.314958,352.059096,380.859839,579.186407,510.397819,463.361669,405.912603,371.377319,351.879827,347.342088,366.988754,435.166810,455.240648,586.780752,544.803143,508.991370,490.053906,463.770467,441.755307,466.785673,473.381080,464.721498,486.839792,647.733719,609.784339,601.998414,530.095501,543.544837,534.818643,507.585898,534.784341,567.054566,609.633208,727.797153,651.188402,617.913058,613.519249,590.101180,589.605494,603.528718,624.078408,646.749584,657.591306,794.864210,741.119856,697.947110,692.337894,663.590254,683.246690,685.428479,677.751982,675.637136,720.769227
7,539.644068,441.412360,405.317263,322.874386,217.406729,152.227729,78.548880,0.000000,70.037862,142.466214,541.264293,481.996440,364.890789,327.850925,229.013871,178.948067,122.804941,78.766314,125.139425,187.869995,540.753355,500.783735,410.902799,348.222958,265.527620,212.403504,157.937340,153.333114,180.180591,243.511241,556.055664,501.971109,423.204686,393.484669,315.054335,266.610416,245.288535,245.206296,252.254223,303.365583,580.134427,503.514596,472.272042,426.817089,380.681312,337.553768,334.175857,325.373558,348.695400,353.732628,653.241047,580.857546,529.109256,465.930995,421.034612,389.343396,375.306782,378.025715,431.455932,436.651190,657.619202,612.825400,569.856813,547.069040,508.451075,481.095853,494.948669,488.340092,463.767254,477.346394,715.391579,674.174083,659.311961,580.934455,585.975303,568.210606,529.973991,551.297384,567.098158,602.017006,790.757555,710.714717,673.103369,662.171533,632.102793,624.260263,626.027668,640.963010,652.924738,654.782820,855.824529,796.566984,748.795502,739.556221,703.787945,715.350115,706.998446,693.299137,683.322334,716.328359
8,601.376546,502.445161,469.292422,384.814375,279.371985,210.792475,137.355020,70.037862,0.000000,73.901714,599.489246,537.206037,420.404579,384.569921,282.732201,218.119117,148.835842,91.627397,78.288743,117.985176,593.404853,550.975017,459.114748,389.343324,299.654535,234.461433,162.742076,133.480784,130.026726,177.498612,601.188423,546.471580,463.265160,427.903642,343.253098,274.887851,245.743546,218.242787,204.475694,249.188488,621.016525,539.825631,499.376040,449.646112,394.970684,340.430674,316.803979,299.296873,307.402051,295.716037,687.655472,609.058216,550.622887,480.862983,425.089814,381.948745,359.467718,347.305216,387.673514,382.503438,685.845653,636.797644,584.261213,556.993648,505.307448,473.094154,476.051695,458.067422,421.393019,428.608442,737.988157,692.251170,668.254794,583.240099,579.252182,552.874407,505.269959,521.229310,523.907204,553.069371,805.990196,721.963339,679.345247,661.077582,624.336593,609.345816,600.031880,610.032511,613.368475,608.662433,867.956322,802.096145,749.326703,736.157815,693.413345,697.029155,679.339867,660.734262,644.633776,668.615965
9,674.247102,575.175524,542.867693,457.974445,352.731839,283.652046,210.856154,142.466214,73.901714,0.000000,671.012305,607.484246,491.173052,455.967072,353.527367,283.745747,211.717394,155.656830,99.367633,47.975008,662.258996,618.641171,526.122707,452.907909,360.513407,290.040783,212.111278,167.484058,126.457478,129.225919,665.707314,610.861552,525.474967,486.856027,399.439495,318.844842,284.943094,232.892032,192.462169,222.432364,682.733173,598.977726,552.378089,500.109923,439.818734,377.313816,335.319800,309.110975,297.497999,259.406248,744.554193,661.854235,598.780504,524.624836,460.631946,408.032727,377.814727,349.347738,371.108733,350.216966,738.130517,686.106065,626.226018,595.431449,532.575703,496.246818,487.807340,457.196598,405.841875,403.717728,785.487616,736.324616,704.605131,614.466284,601.838772,567.005610,509.925133,519.281099,505.085137,525.650967,846.866827,759.912339,713.145536,688.170596,645.278690,623.088166,601.617092,605.645291,598.113617,584.589749,905.742250,834.256118,777.158653,760.281528,710.914363,706.060044,678.000877,653.734671,630.130624,641.668907
10,55.431179,106.194804,157.810269,221.624637,324.722205,389.589788,463.882329,541.264293,599.489246,671.012305,0.000000,72.553075,180.638180,215.045781,317.622021,394.599698,466.235398,517.566999,595.168739,706.589152,74.311091,109.206848,174.737677,258.371613,343.996845,417.731455,490.129750,546.393863,622.095729,716.517132,161.093288,166.024877,225.402117,275.263715,342.063486,444.972237,478.245596,573.084654,647.898328,702.535937,210.522522,240.951895,314.476846,345.118652,399.840554,460.705811,554.915096,591.144039,669.683793,755.424394,303.469426,326.631174,365.516572,400.366303,461.662147,519.041331,558.681264,633.299699,730.206564,792.920285,360.439365,374.872390,433.039538,457.382234,531.567866,551.299708,623.450596,687.428764,742.763270,789.432224,441.397371,454.107333,517.638931,526.212464,591.523146,639.504201,677.613231,723.900006,818.295420,883.029843,551.242609,530.009054,546.094348,594.334085,624.491383,669.359871,745.557724,789.056362,856.726564,904.131353,623.149620,631.714673,637.145249,660.508948,687.955502,752.936455,813.343352,837.905150,873.523430,964.782669
11,110.245725,82.521228,135.439296,172.987925,269.058578,329.779037,403.730518,481.996440,537.206037,607.484246,72.553075,0.000000,117.131564,154.333627,254.496314,327.473264,399.801734,452.733338,528.347369,641.374149,65.232033,58.661136,102.276630,185.850379,272.617624,347.094797,420.970845,477.375581,553.117275,647.623543,132.017783,114.040554,156.270502,204.570661,269.510413,372.590237,406.161145,501.285951,576.760765,630.955227,181.351018,186.327782,252.227766,277.564406,329.125666,388.531302,482.443085,518.591039,597.166892,683.559609,279.802330,282.090586,309.164407,335.408611,392.392339,447.787363,486.734407,560.903775,657.763242,720.388975,328.363497,331.655893,378.199605,398.391463,466.003880,483.416899,554.364671,616.634544,670.582686,717.019944,409.883946,413.237254,468.204748,467.022356,529.352580,573.899359,608.633310,654.523511,747.126043,811.462936,518.538564,486.738724,496.028355,539.203177,564.474922,606.291742,679.134629,721.707951,787.506012,833.569575,591.860870,590.070279,588.565227,608.792641,630.476229,692.307317,748.787908,771.378060,805.058328,894.615780
12,194.049469,100.315996,107.286886,74.113308,153.947578,212.694470,286.599799,364.890789,420.404579,491.173052,180.638180,117.131564,0.000000,38.038701,137.713938,214.286327,285.633584,337.109422,414.588715,526.088821,177.238845,143.417464,76.973156,111.439059,173.645044,242.594301,311.311343,367.227878,442.734550,536.948651,212.349827,166.890975,136.755352,160.855521,188.867808,280.639050,309.660994,401.344819,472.748843,528.914588,251.462950,210.614142,242.063399,242.510281,270.881702,313.173958,399.074478,430.380260,505.254676,583.063254,345.165074,313.506946,310.394156,306.371282,339.856999,380.055164,411.525606,478.086254,572.873231,628.206080,377.659936,361.078066,377.955102,385.336028,427.403267,434.314839,497.454862,548.645230,589.884321,632.301046,455.104834,441.840366,476.274041,449.943104,500.689251,531.822072,551.147917,594.235298,674.945766,735.695259,557.315143,507.219541,501.491732,530.684530,541.517829,572.546058,631.720458,669.855995,726.321222,764.625963,630.850083,610.334897,594.327192,606.747334,613.109672,664.538193,707.276776,722.207904,747.292692,827.504612
13,222.896564,124.895976,115.109722,50.000954,115.909502,175.636097,249.785686,327.850925,384.569921,455.967072,215.045781,154.333627,38.038701,0.000000,102.755020,183.290951,253.098346,302.914027,381.920296,491.908325,215.210306,181.043583,107.115550,114.618253,155.226726,218.107619,282.276577,337.468720,412.477447,506.223075,248.462639,200.951836,158.375717,171.854133,180.871054,263.088937,289.007900,377.697213,446.329755,503.351401,285.680682,237.799493,259.111052,251.470002,269.774689,303.313713,383.988928,412.608095,485.068493,558.118853,377.398797,339.235727,328.474959,315.158978,339.156358,372.318720,400.049866,462.443087,555.607914,607.257939,406.354315,385.477813,394.163903,397.543733,430.331211,433.262457,492.622394,538.885397,574.407646,614.803450,482.103735,464.957078,493.481831,459.863227,506.148168,532.239068,545.588397,587.242210,662.661250,721.642440,581.991513,527.551336,517.680871,542.384221,548.476074,575.555400,629.375906,665.617822,718.210333,753.268081,655.152208,629.812270,609.794464,619.793261,621.299077,668.923245,706.618298,718.681530,740.407137,816.647861
14,324.518630,225.561805,203.734004,116.692988,53.468807,78.727009,150.466973,229.013871,282.732201,353.527367,317.622021,254.496314,137.713938,102.755020,0.000000,85.217773,151.376762,200.163180,279.733395,389.153531,311.894485,271.956212,183.617371,136.061398,100.951048,134.302571,185.367743,238.703068,312.593789,405.533272,330.214335,277.360468,207.841632,193.818905,151.049397,194.385797,210.593060,289.598424,352.046290,410.111991,359.028636,292.025861,284.286250,255.968885,245.254668,252.206892,315.398900,336.765002,402.495142,465.597038,441.080821,383.468107,351.364789,313.453583,310.162864,322.850775,339.868271,390.412433,478.385367,521.846349,457.392822,423.877271,408.476661,400.507751,406.549393,398.765370,446.414376,479.323083,500.901603,536.421093,525.781535,496.956392,507.201574,454.038929,486.669067,498.622295,496.285699,533.575814,595.334636,649.770396,616.289177,549.587990,527.809927,539.129045,531.965758,547.797385,586.656314,617.569606,660.049615,687.182128,687.128767,647.276104,615.811423,618.686844,606.611677,643.116407,667.065992,671.719238,684.951777,751.201038
15,406.159123,308.009472,288.824737,201.909486,118.600337,76.137641,108.470421,178.948067,218.119117,283.745747,394.599698,327.473264,214.286327,183.290951,85.217773,0.000000,72.669246,128.202990,200.878513,314.687209,379.496740,335.057572,242.402894,171.466704,87.055391,62.487278,100.210798,154.365122,229.187409,323.014012,383.093885,328.357688,245.919435,214.536755,139.254934,131.099074,136.156939,206.252491,266.839875,324.957935,403.581064,324.883754,295.024149,252.981437,218.461607,200.047424,244.386216,259.935364,320.908716,380.492593,474.395243,402.713117,354.939738,299.417417,272.984704,267.185799,274.613319,315.169973,399.037951,438.513273,479.310763,436.435584,401.755601,384.762737,368.317152,352.044325,388.797400,411.147800,423.464464,456.120792,539.341855,501.466847,496.130722,428.679835,449.067937,449.455033,435.209409,468.711565,520.811832,572.315073,619.683757,544.210048,513.148357,513.176599,495.498743,502.068110,528.885341,555.550434,590.757759,612.808980,687.227380,635.881804,595.613405,592.637735,569.938648,597.153422,610.527191,609.860234,617.221249,676.874006
16,475.704350,376.885375,353.367716,265.875085,169.433240,104.135122,77.569397,122.804941,148.835842,211.717394,466.235398,399.801734,285.633584,253.098346,151.376762,72.669246,0.000000,57.289311,128.965569,242.021044,452.165337,407.585706,314.821116,241.490837,150.819515,89.842505,52.281158,91.856173,162.375741,254.358131,454.115461,399.282745,314.829429,279.141204,195.778773,145.940530,130.662271,165.945878,210.736515,269.231509,472.509083,391.000970,352.880357,305.444752,257.885640,218.150886,232.272967,235.462307,282.031075,324.875148,539.089681,462.263490,407.522220,343.146593,300.202032,275.604279,269.793504,291.455234,364.183760,391.861451,539.136838,492.226798,447.086747,424.440249,390.263109,366.235580,389.329970,396.582666,392.341984,418.024715,594.390781,551.910373,536.701113,459.957693,469.270032,458.059312,430.043285,457.661613,493.710572,539.077439,668.134100,587.923085,550.888877,542.210074,515.735642,513.149948,525.964807,546.822939,571.329900,584.899824,733.023828,674.362142,627.992749,620.359280,588.687444,606.408052,607.870708,600.594642,599.803456,648.474056
17,523.906894,424.708581,396.886856,310.040570,207.671438,137.792810,77.848520,78.766314,91.627397,155.656830,517.566999,452.733338,337.109422,302.914027,200.163180,128.202990,57.289311,0.000000,83.856335,189.027618,506.743436,462.984417,370.496156,298.527447,208.080413,143.906012,79.888971,80.123356,130.017043,214.165602,510.936405,456.131298,372.064497,336.276273,251.985886,190.948506,167.245413,170.985806,192.998354,249.153744,529.767983,448.211706,408.594204,359.856813,308.375800,260.553291,255.978534,249.450845,280.559990,303.210935,596.067406,518.182688,461.461141,394.234401,344.670330,310.714404,296.795808,303.404390,363.933147,379.105160,595.027485,546.980760,498.108947,473.170415,430.527659,402.506648,416.591511,412.819454,394.858645,413.483804,648.700619,604.596033,585.182265,504.383877,507.599438,489.493537,452.611603,475.457035,497.973232,537.282654,719.721963,637.643947,597.950543,584.847433,553.639835,545.514282,548.784537,565.173302,581.070059,587.356181,783.300526,721.288361,671.948031,661.813707,625.134394,636.763395,630.057227,617.992177,610.876165,649.914187
18,604.252026,505.251124,479.449870,392.247049,291.088219,221.431232,159.437272,125.139425,78.288743,99.367633,595.168739,528.347369,414.588715,381.920296,279.733395,200.878513,128.965569,83.856335,0.000000,116.966362,579.428191,533.806229,440.855254,363.509345,269.377873,195.773603,116.155134,68.126919,55.141563,130.376934,576.015418,521.276544,433.988009,392.782891,304.113514,219.705883,185.576755,142.010461,128.602990,178.230526,590.036809,504.507966,454.755670,401.781125,340.571097,278.255796,242.836296,222.365288,229.701066,229.020868,648.292083,563.944425,499.794459,425.269702,361.947647,312.120414,285.652097,269.264943,310.815681,311.597797,639.958367,587.249599,526.892871,496.413256,436.530095,401.936400,400.274328,379.928438,344.178696,353.954867,686.305942,636.957316,606.027375,517.139175,508.035097,478.026756,427.874527,443.062912,447.062378,478.679479,747.666759,661.070288,615.174713,592.449512,552.393103,534.462184,522.275148,531.781251,535.707269,532.961734,806.993153,736.851910,681.237168,665.954056,620.054929,620.842254,601.308836,582.445663,566.837303,593.682027
19,712.282368,613.068364,582.932813,497.047364,392.600073,322.800507,251.846272,187.869995,117.985176,47.975008,706.589152,641.374149,526.088821,491.908325,389.153531,314.687209,242.021044,189.027618,116.966362,0.000000,694.170099,649.265903,556.365992,480.107833,386.191893,312.721018,233.018087,181.761308,122.552079,91.488322,692.784204,638.008407,550.921994,509.634232,420.754271,332.396171,296.142397,230.143550,174.866561,193.423281,706.985090,621.224955,569.676348,515.800276,451.886563,384.642409,331.213565,300.091395,276.320186,223.401584,764.174818,678.331519,611.899579,534.968057,465.721355,407.404187,372.616046,334.291936,344.247591,314.793520,753.840681,699.632247,634.438819,601.265021,531.110272,492.396696,476.602394,438.470149,379.040643,371.641446,797.137623,745.520262,708.224930,615.023398,596.594093,556.507605,493.989958,499.204728,475.352213,491.160671,853.182895,764.416078,714.890410,685.378722,638.618399,611.888361,582.981885,583.404286,569.694183,551.491177,909.557272,834.273369,774.403157,755.080053,701.581960,691.344654,657.114783,629.665192,601.941052,606.822222
20,129.355823,143.178636,197.670417,237.671114,330.981615,388.974738,462.227083,540.753355,593.404853,662.258996,74.311091,65.232033,177.238845,215.210306,311.894485,379.496740,452.165337,506.743436,579.428191,694.170099,0.000000,49.977617,139.792990,223.149529,315.870320,391.818557,468.646346,524.965419,600.395543,694.702998,86.809294,98.139808,173.120798,225.109600,302.873920,408.475309,444.231821,540.321334,618.219235,670.408599,136.511844,171.606883,249.393341,286.234395,347.214669,413.980121,510.547734,549.242287,629.368760,721.422022,231.165404,252.813837,295.451205,337.069725,404.627647,467.103245,509.674307,587.415423,684.527088,751.717069,286.596897,300.773409,361.802224,388.311398,468.032744,490.990943,565.011683,633.005083,694.422681,743.134932,367.791832,379.806784,444.322102,456.960493,524.245880,575.547510,618.740642,665.690637,764.708877,830.855694,477.583180,455.783685,472.883744,522.723265,555.472778,602.630342,682.321147,727.022785,797.830850,848.386675,549.804011,557.406703,563.502581,587.582308,617.275056,684.056860,747.738721,774.594416,813.136998,907.845448
21,159.005674,139.414243,189.907124,211.501764,296.405825,350.199268,422.293487,500.783735,550.975017,618.641171,109.206848,58.661136,143.417464,181.043583,271.956212,335.057572,407.585706,462.984417,533.806229,649.265903,49.977617,0.000000,92.951041,174.472003,268.072088,344.146138,421.778041,477.930438,553.112753,647.231572,75.795468,57.933366,123.388875,175.294560,253.192106,358.893385,394.897784,491.029406,569.296535,621.087221,123.679107,132.592762,205.428026,238.693848,297.983709,364.098888,460.593178,499.267189,579.414252,671.855201,222.286702,224.557480,257.023173,291.921893,356.623451,417.882404,460.048682,537.545843,634.667241,701.740632,269.728524,273.957856,325.192406,348.378448,423.161631,444.376253,517.667169,584.440906,644.797802,693.329961,351.232798,355.238985,412.651503,417.215477,482.324855,531.009099,571.600301,618.320288,716.001953,781.866981,459.888152,429.305822,440.769364,486.561095,515.405853,560.214773,637.370709,681.402406,750.782121,800.274926,533.200066,532.389344,532.819193,554.379093,579.437052,643.803740,704.421192,729.718035,766.729726,860.122552
22,208.446781,139.638155,169.705778,150.764996,215.197078,262.344034,332.727069,410.902799,459.114748,526.122707,174.737677,102.276630,76.973156,107.115550,183.617371,242.402894,314.821116,370.496156,440.855254,556.365992,139.792990,92.951041,0.000000,84.720147,176.105715,252.026120,329.084660,385.332515,460.677756,554.942220,146.815012,95.504131,66.372692,106.215746,167.588622,271.707588,306.316631,402.101231,479.156757,532.133677,179.722094,133.743826,172.971979,184.984086,229.318322,286.398083,380.181349,416.577722,495.497816,583.939739,270.286044,236.836194,239.007174,246.860620,294.816925,346.775271,384.800503,458.628197,555.490382,618.611364,300.789621,284.801067,307.832660,319.733173,374.375411,387.690668,456.410689,516.067223,568.406752,614.743327,378.143396,366.006607,404.581365,386.554167,442.918773,481.424440,510.702797,555.912568,645.991024,709.847814,480.751826,432.915712,430.644194,464.490494,481.285197,517.735493,584.913518,625.962629,688.929524,733.151119,554.368788,536.429141,523.831826,538.679423,550.782167,607.095032,657.194767,676.739985,707.526153,794.670862
23,287.724935,205.717891,218.657287,164.131384,182.596241,209.746037,272.530988,348.222958,389.343324,452.907909,258.371613,185.850379,111.439059,114.618253,136.061398,171.466704,241.490837,298.527447,363.509345,480.107833,223.149529,174.472003,84.720147,0.000000,94.600600,170.464867,249.283161,304.913238,379.563322,473.358116,212.876634,158.034881,75.014119,60.990508,84.028543,187.038262,221.647790,317.533373,395.072870,447.605981,232.224603,157.426076,152.315022,137.243367,159.459672,206.449429,297.698559,332.933275,411.316813,499.250354,307.436916,247.545834,221.382561,200.694338,228.429046,270.828814,305.368464,376.577870,473.028539,534.549279,321.350482,288.980174,283.891512,284.108510,317.024018,322.891584,386.468032,440.185278,487.300391,532.429395,390.260636,364.236542,383.591571,345.459403,391.889295,420.646933,440.336987,483.960162,568.308878,630.747134,483.236781,421.410872,406.664295,428.423728,433.935816,462.311434,520.283637,558.611093,616.448722,656.947288,555.064611,521.945605,497.883729,506.325408,506.681945,555.097737,595.953243,610.840969,636.812128,719.319578
24,365.954505,273.913345,270.309379,192.849488,153.952619,147.865853,195.166071,265.527620,299.654535,360.513407,343.996845,272.617624,173.645044,155.226726,100.951048,87.055391,150.819515,208.080413,269.377873,386.191893,315.870320,268.072088,176.105715,94.600600,0.000000,76.081391,154.701291,210.336655,285.163141,379.171910,306.639298,251.920990,165.035030,128.632734,54.958223,107.906722,136.114238,229.361205,304.156829,358.547133,322.255081,240.226179,208.106731,168.180036,145.550432,154.232058,228.953389,257.630193,331.630308,411.693901,388.823537,315.667973,269.285711,219.475781,209.287950,224.965959,247.279301,307.240698,400.551609,454.563535,392.298279,349.672969,319.376638,306.317014,305.765459,298.067949,348.158410,386.995263,419.196476,459.832494,452.621381,416.122041,415.944237,356.150162,386.067053,398.030690,399.244830,438.419335,508.431434,566.634437,534.849764,461.878011,434.709306,441.312437,431.580075,446.877005,487.859462,520.427539,567.399319,599.489564,603.400335,556.224195,520.372811,521.021433,506.289229,542.179294,567.690089,574.326743,590.981329,663.133877
25,436.565570,341.554404,330.637733,246.718871,176.946062,138.268921,155.306346,212.403504,234.461433,290.040783,417.731455,347.094797,242.594301,218.107619,134.302571,62.487278,89.842505,143.906012,195.773603,312.721018,391.818557,344.146138,252.026120,170.464867,76.081391,0.000000,79.811858,134.584241,209.117806,303.090994,381.349213,326.849882,238.646662,197.159772,109.496446,68.837527,76.524611,159.591009,230.479676,286.322191,394.265003,309.129682,264.916889,216.050336,168.903391,139.391914,183.459736,202.535854,269.254313,340.559700,454.709374,374.597210,317.913823,253.652111,216.380279,205.144089,212.362025,256.628566,344.136934,390.159504,451.387276,403.111027,357.520071,336.010797,310.032134,291.367785,326.360318,349.675873,366.682558,402.340203,504.990532,462.070387,448.222944,374.791235,390.424794,387.912856,372.759072,406.635284,462.023823,515.592985,578.365831,498.758483,463.298564,458.336157,436.977210,441.070579,466.404963,493.201361,529.767116,553.988771,643.577421,586.675426,542.648623,537.310102,511.062717,535.927123,548.064934,547.516607,555.815313,618.057482
26,504.640937,407.172545,389.034393,302.045561,212.842429,152.418032,128.336763,157.937340,162.742076,212.111278,490.129750,420.970845,311.311343,282.276577,185.367743,100.210798,52.281158,79.888971,116.155134,233.018087,468.646346,421.778041,329.084660,249.283161,154.701291,79.811858,0.000000,56.432226,132.153335,226.662017,460.964090,406.373810,318.419637,276.634511,188.033289,112.470788,87.407836,114.459448,167.023323,225.397411,473.999241,388.365407,340.355386,288.732285,232.234448,180.817460,182.170053,183.340343,230.887575,281.080004,532.689231,449.929735,388.747678,318.120908,265.146547,231.652655,221.150773,239.265352,312.537320,343.378610,526.366047,475.493536,421.566439,395.022263,350.686193,323.298442,341.132740,345.045597,340.306084,367.043751,576.037163,529.568315,506.729513,424.696250,428.039042,412.077455,380.124731,406.504506,441.487485,487.410125,643.310890,559.848184,518.873692,504.967199,474.185205,467.768316,476.251738,495.877622,519.153490,532.748577,705.743100,642.089068,592.144231,581.942255,546.060517,559.981710,558.027288,549.478207,547.736692,596.376059
27,560.167170,462.296946,442.297345,354.936892,261.082722,195.706003,152.659599,153.333114,133.480784,167.484058,546.393863,477.375581,367.227878,337.468720,238.703068,154.365122,91.856173,80.123356,68.126919,181.761308,524.965419,477.930438,385.332515,304.913238,210.336655,134.584241,56.432226,0.000000,75.743917,170.247962,515.788910,461.370914,372.841668,329.440786,240.040618,151.750551,117.495446,91.920320,119.405594,177.696275,527.233875,440.403664,387.983488,334.442216,272.490740,210.721490,184.532548,172.192815,200.650099,233.225304,582.456798,496.845459,431.878651,357.143868,294.828162,248.544251,226.881607,224.761389,284.018425,303.182385,572.620740,519.413570,458.869727,428.804729,372.227047,339.613460,344.955692,335.008253,314.758638,334.453514,618.247889,568.845654,538.866411,451.336659,445.774613,420.597991,377.572173,397.985552,417.851687,457.794061,679.807921,593.615158,548.628747,528.125314,490.870878,477.023405,473.398338,487.638130,501.255089,507.332965,739.605180,670.782199,616.601596,602.814879,560.198185,566.043793,554.067908,539.982072,531.237388,570.007703
28,635.324674,537.159738,515.562745,428.071160,330.955468,262.960943,207.814757,180.180591,130.026726,126.457478,622.095729,553.117275,442.734550,412.477447,312.593789,229.187409,162.375741,130.017043,55.141563,122.552079,600.395543,553.112753,460.677756,379.563322,285.163141,209.117806,132.153335,75.743917,0.000000,94.508717,589.249180,535.097658,446.048467,401.074877,311.480472,215.476268,177.788348,108.172115,74.457950,123.239984,598.774057,510.783477,453.827736,398.787226,332.433929,263.024445,210.221651,182.659095,178.157133,174.988330,649.775915,561.201631,492.442285,414.151157,343.333073,285.250863,252.329218,224.127739,257.678884,256.483505,635.842492,580.201164,512.587744,478.892646,409.332753,371.555934,361.359494,333.447019,291.513466,299.299557,676.463133,623.874626,585.673994,492.771411,476.608316,440.558213,384.484551,396.172314,393.892549,423.973323,730.786751,641.874568,592.477179,564.214900,519.560440,496.630689,477.270715,483.908663,483.756803,478.855543,787.009017,712.229518,653.270746,635.165576,584.607337,579.991044,554.925958,533.537829,515.182916,539.199773
29,729.119638,630.685955,607.542048,520.088727,420.608690,351.326591,289.380452,243.511241,177.498612,129.225919,716.517132,647.623543,536.948651,506.223075,405.533272,323.014012,254.358131,214.165602,130.376934,91.488322,694.702998,647.231572,554.942220,473.358116,379.171910,303.090994,226.662017,170.247962,94.508717,0.000000,681.878634,628.010148,538.642048,492.513963,403.139721,303.297450,264.864766,179.172139,104.712404,105.438801,689.666744,600.835249,540.171848,484.277116,415.160463,341.557401,271.012872,233.604853,194.161497,131.956278,736.603420,645.579142,573.767773,493.131975,416.258400,350.077262,309.195318,258.052907,255.725775,223.341549,718.776252,661.088791,587.284903,550.550187,469.871446,428.238118,402.605517,356.244304,290.334201,280.463577,754.248669,698.818140,652.699342,555.722878,529.065633,482.485072,414.190461,415.161432,384.781653,399.680447,800.825964,709.801837,656.392746,620.452203,568.782002,536.535402,499.803137,497.091217,479.533939,460.041465,852.897360,772.336789,708.879181,686.341678,627.886531,611.559058,571.645267,541.871310,511.840497,515.380242
30,216.141950,214.262514,265.582797,283.702033,361.103040,408.900095,478.323712,556.055664,601.188423,665.707314,161.093288,132.017783,212.349827,248.462639,330.214335,383.093885,454.115461,510.936405,576.015418,692.784204,86.809294,75.795468,146.815012,212.876634,306.639298,381.349213,460.964090,515.788910,589.249180,681.878634,0.000000,54.848191,143.243038,191.117361,279.190384,383.193047,421.076354,516.263559,596.665602,644.891094,50.367840,102.465164,184.929469,231.805215,300.533940,373.917001,471.358642,512.705772,593.656493,692.818534,147.994535,167.854742,218.881792,272.644323,348.989022,417.876963,463.882735,544.712582,640.839816,713.346250,200.282945,214.857118,281.960366,312.361092,400.682885,428.500032,504.461609,577.625828,646.978892,698.014364,281.723976,293.168893,359.957906,380.061008,450.215577,506.448292,556.999685,604.527207,709.388822,777.050521,391.365019,369.394715,388.677229,441.348633,478.386711,529.001013,613.617752,659.860210,734.830771,789.551906,463.933110,470.708767,478.340495,503.730328,537.213366,606.702104,675.185936,705.332588,747.936370,847.074146
31,216.867790,189.882634,236.021820,240.392907,310.688677,355.868839,424.481489,501.971109,546.471580,610.861552,166.024877,114.040554,166.890975,200.951836,277.360468,328.357688,399.282745,456.131298,521.276544,638.008407,98.139808,57.933366,95.504131,158.034881,251.920990,326.849882,406.373810,461.370914,535.097658,628.010148,54.848191,0.000000,89.713774,139.588234,226.060472,330.911351,368.469746,464.091902,544.115183,593.280339,84.736468,74.945282,151.280626,190.451872,255.258211,326.111936,423.573179,464.060803,544.902450,642.056957,179.267426,168.156701,199.512802,239.128506,309.051069,374.441695,418.883270,498.534045,595.264727,665.730523,219.089943,217.780690,267.387774,291.481122,369.956506,393.643199,468.244865,538.048233,603.147311,653.160515,299.815105,299.570548,354.884603,360.288439,426.545315,477.417851,521.724504,568.870234,669.932327,736.756401,407.130193,372.717289,382.938567,428.760256,458.658561,504.786386,584.225610,629.070344,700.642831,752.409089,480.774075,476.114242,475.126538,496.455296,521.970201,587.177381,649.695541,676.483167,715.502217,811.302357
32,266.276847,205.404252,235.650543,206.797990,250.108654,283.633556,347.507507,423.204686,463.265160,525.474967,225.402117,156.270502,136.755352,158.375717,207.841632,245.919435,314.829429,372.064497,433.988009,550.921994,173.120798,123.388875,66.372692,75.014119,165.035030,238.646662,318.419637,372.841668,446.048467,538.642048,143.243038,89.713774,0.000000,52.047505,136.346753,241.367838,278.804438,374.533042,454.437535,503.921345,157.757037,84.362231,106.820159,121.673051,175.101064,240.955636,337.820491,377.218632,457.765105,553.165199,233.388594,181.756615,173.968007,181.794186,236.373150,294.883324,336.664503,414.347656,511.442106,579.512599,252.081997,227.205253,242.245920,253.360481,310.962494,327.169019,398.291379,462.384713,521.411521,570.015433,325.156035,306.634656,339.863356,320.270044,377.631705,418.598134,452.524758,498.616912,593.616030,659.043887,423.677862,370.602506,365.471891,398.162703,415.376684,453.172677,523.261930,565.510016,631.526041,678.861597,496.783917,473.604738,458.537822,472.629448,484.529765,541.662179,594.013188,615.419539,648.828505,739.388967
33,313.461615,244.158019,266.619349,221.849346,242.426586,263.496649,320.798769,393.484669,427.903642,486.856027,275.263715,204.570661,160.855521,171.854133,193.818905,214.536755,279.141204,336.276273,392.782891,509.634232,225.109600,175.294560,106.215746,60.990508,128.632734,197.159772,276.634511,329.440786,401.074877,492.513963,191.117361,139.588234,52.047505,0.000000,89.600874,192.102846,230.103989,325.146207,405.602337,453.930456,197.827710,112.151889,91.477971,81.746584,124.614457,188.911749,285.798435,325.373217,406.018623,502.473607,260.194575,191.039061,160.398354,145.528494,188.708304,243.885638,284.913655,362.318301,459.421789,527.578943,266.605845,230.087475,223.358169,225.815544,269.392179,281.491688,350.497638,412.208164,469.625999,518.038782,332.258863,303.889493,323.018626,289.302602,340.504319,375.837987,404.800626,450.309105,543.045889,608.038295,423.075717,360.420365,346.490691,370.910909,380.781305,413.741093,478.821626,519.747042,583.336604,629.048469,494.581745,461.059867,438.195488,447.997653,452.256881,504.631491,551.690326,570.573815,601.548607,690.046678
34,371.595978,287.075481,293.561171,225.466226,204.510561,202.824052,247.689614,315.054335,343.253098,399.439495,342.063486,269.510413,188.867808,180.871054,151.049397,139.254934,195.778773,251.985886,304.113514,420.754271,302.873920,253.192106,167.588622,84.028543,54.958223,109.496446,188.033289,240.040618,311.480472,403.139721,279.190384,226.060472,136.346753,89.600874,0.000000,105.801658,142.633930,238.624819,318.176220,368.418518,287.394061,200.484369,157.327608,113.855476,94.966284,124.329366,213.710149,249.081138,327.934160,418.702242,345.213395,266.505364,215.684805,164.718502,162.444007,191.804878,222.927981,292.652601,389.013864,451.022847,343.378754,297.882218,264.458311,251.700849,257.624635,254.846339,311.812965,359.825910,403.618165,448.425894,400.627759,362.268959,361.021284,303.127119,336.921168,354.706910,364.718079,406.614997,486.333404,547.879004,480.687941,406.983482,379.977232,388.267279,381.730036,401.112290,449.283903,484.834929,538.095285,575.788486,548.830813,501.315397,466.220926,467.897821,456.225739,495.928240,527.479179,538.038273,559.798851,638.636805
35,470.864250,380.932467,378.121309,298.959684,241.561338,207.072776,219.122279,266.610416,274.887851,318.844842,444.972237,372.590237,280.639050,263.088937,194.385797,131.099074,145.940530,190.948506,219.705883,332.396171,408.475309,358.893385,271.707588,187.038262,107.906722,68.837527,112.470788,151.750551,215.476268,303.297450,383.193047,330.911351,241.367838,192.102846,105.801658,0.000000,38.483591,133.180569,213.504141,262.691215,387.273809,297.859750,238.360393,183.612384,121.072765,72.586887,122.096522,149.832547,225.433366,312.962575,434.356909,346.184330,280.128161,206.496581,154.492078,136.325321,145.878753,199.624363,292.668292,348.737905,421.461141,367.680773,309.476331,282.573649,244.766986,223.517699,257.759277,284.980796,311.501257,351.985052,466.642982,418.295562,394.384584,314.386861,324.423373,319.281194,304.926536,340.177501,402.424107,459.357976,531.153010,447.377450,407.019184,396.290776,370.981952,372.783244,397.983609,425.771556,465.680266,493.963636,593.278255,530.391300,482.345736,474.433798,444.578136,467.446765,479.528830,480.079155,490.801048,557.854918
