node_id,0,1,2,3,4,5,6,7,8,9,10,11,12,13,14,15,16,17,18,19,20,21,22,23,24,25,26,27,28,29,30,31,32,33,34,35,36,37,38,39,40,41,42,43,44,45,46,47,48,49,50,51,52,53,54,55,56,57,58,59,60,61,62,63,64,65,66,67,68,69,70,71,72,73,74,75,76,77,78,79,80,81,82,83,84,85,86,87,88,89,90,91,92,93,94,95,96,97,98,99
0,0.000000,59.866683,116.544022,192.784388,239.758926,284.782787,349.569816,428.852249,470.312167,540.558783,35.714417,73.368726,153.209153,188.758991,255.368635,303.914389,386.614434,426.494139,506.225543,542.253482,117.407454,112.898532,182.747282,217.132782,286.654983,322.289308,364.157319,451.816467,526.534523,550.007869,177.532443,185.690571,196.596751,272.220013,307.551415,336.106375,397.415356,483.865891,531.225105,583.628046,234.490180,257.327366,277.508419,302.001405,369.348118,408.429004,439.360223,512.804869,539.600523,622.530913,270.460555,291.565155,321.129838,344.933462,396.182549,430.519303,496.305778,527.369420,596.410652,639.181433,334.085858,354.649893,374.232124,404.813695,448.319994,499.328455,521.009639,572.851144,619.861215,657.015185,395.807383,406.133514,455.037850,475.109310,503.396496,538.409243,568.674989,630.582450,658.123347,716.104270,478.147141,476.770590,499.126057,532.620879,552.640349,596.968365,612.019920,661.215017,712.493285,761.336038,540.538042,532.697287,541.535485,574.334244,583.970838,638.250774,678.828894,719.194470,764.897235,782.891140
1,59.866683,0.000000,58.066711,134.429965,182.203648,228.328037,292.319798,373.309420,413.755266,483.610822,85.349765,61.555256,117.268491,138.791365,204.432190,253.620712,333.152188,373.605999,452.057132,489.067641,147.267050,113.811573,156.968468,178.318319,246.896216,278.481966,316.323661,401.645847,477.117514,499.565904,201.518540,191.355500,183.819952,247.593983,274.059486,298.122876,356.948324,441.156381,486.267155,536.173576,255.294556,261.105672,272.902431,287.956593,343.169811,377.297202,404.515798,473.413829,497.258684,578.019141,294.623563,300.825950,322.358252,328.993768,378.780882,406.183867,465.283015,491.405190,557.723289,599.763279,350.725204,363.174490,370.931897,399.483225,432.491789,476.890738,496.177499,543.789836,587.227075,620.986273,415.032504,417.985235,455.770135,469.661664,492.959998,520.778653,543.818376,602.889637,629.342058,684.080397,495.987352,487.941032,501.838917,528.670378,542.114354,581.911394,592.056826,639.939746,684.990467,730.434604,559.089906,542.840396,544.392163,571.745067,578.716502,627.158400,661.418179,699.593869,740.651007,755.431116
2,116.544022,58.066711,0.000000,76.432494,124.144783,170.469345,234.264854,315.613598,355.771958,425.564351,135.983519,83.176504,88.002157,87.757794,150.391993,199.508607,276.461326,317.142133,394.839526,432.273180,178.195488,126.447147,133.889384,138.074526,202.653703,229.672412,263.616627,346.784420,422.539741,444.289039,222.881195,196.892629,171.855121,218.828781,235.291302,254.397750,310.065793,391.685364,434.820233,482.768272,270.690932,260.084834,263.123967,268.182326,309.822769,338.628548,362.091651,426.461519,447.782704,526.595415,311.577069,303.355924,316.351640,305.981997,353.137621,373.432955,425.647978,447.223921,510.891921,552.169294,358.770368,363.043084,359.130038,385.064911,407.379177,444.961925,461.838947,505.240000,545.296473,576.048276,424.141629,419.849538,446.166233,453.888658,472.099763,492.827583,509.024821,565.150145,590.499974,642.211334,502.445301,487.972581,493.461229,513.545169,520.592837,555.768750,561.318474,607.679223,646.977434,689.330747,565.497908,541.160773,535.621783,557.447775,561.811050,604.331862,632.521436,668.490241,705.223310,717.157327
3,192.784388,134.429965,76.432494,0.000000,48.420010,95.851621,158.263543,240.948193,280.069137,349.533643,209.762397,148.014689,104.716693,57.468741,91.300265,136.651734,204.833147,245.792751,321.296327,359.645869,237.881438,177.124964,143.784174,117.131814,163.226673,178.309377,202.020248,278.938437,354.727314,374.913373,271.643193,231.845129,189.510494,206.210693,203.860813,212.236879,259.375931,334.247572,373.101042,416.934112,310.927411,282.450985,274.261285,265.180417,283.360415,302.010999,318.189258,373.170917,389.624143,464.215356,351.718905,327.530718,329.302790,295.931210,336.990852,345.486864,385.069591,398.517752,456.801814,496.395801,387.233515,381.480908,362.565316,383.975987,390.208499,416.416229,429.151219,465.075523,499.113899,524.586993,451.994313,439.010027,449.832815,448.932888,459.515333,469.387697,474.788669,525.500442,548.822593,595.237898,525.445479,503.238451,497.681927,508.197496,506.085586,533.950325,532.556785,576.024635,606.070519,643.234957,587.407646,553.252324,538.511622,552.468110,553.143975,586.651978,605.630680,637.940157,667.825293,675.298858
4,239.758926,182.203648,124.144783,48.420010,0.000000,47.697042,110.120944,192.552671,231.764025,301.425504,254.573204,189.531733,130.773778,73.135964,62.716430,98.018985,157.647949,198.575086,273.096433,311.696322,274.261404,211.032292,159.844238,117.950795,143.037691,147.225767,161.790213,233.466666,308.941754,328.292266,301.178187,255.022234,205.445559,202.070200,186.656101,186.554256,225.714057,294.772767,330.668857,371.992586,334.599637,296.387632,281.692662,264.098635,265.983170,277.122351,287.959136,335.958954,349.231918,420.993384,374.487087,341.212393,336.054602,289.093741,324.942745,325.431738,355.960465,363.980501,418.446180,456.825568,402.249973,390.417345,362.511435,380.579452,376.331590,394.708240,404.585290,435.325005,465.324109,487.437368,465.629455,447.399337,448.300285,441.930903,447.485126,450.272816,448.711194,495.576663,517.484918,560.433393,535.167155,508.324334,495.851521,500.168136,492.251421,515.184385,509.410745,550.724555,574.876906,608.749737,595.861711,555.794164,535.375531,544.201720,542.533257,570.045498,583.100584,612.933159,638.463357,643.212739
5,284.782787,228.328037,170.469345,95.851621,47.697042,0.000000,65.556135,145.260096,185.567018,255.788071,297.322952,230.041687,162.068929,105.311103,58.049750,66.005057,110.362446,151.192633,225.458368,263.999325,309.115337,244.893962,181.278351,130.514048,130.587660,120.966223,122.714731,187.425813,262.449941,281.172379,329.474765,278.537723,224.238863,202.214696,174.054574,164.355932,192.735143,254.350486,287.087696,326.076718,356.980997,310.420352,289.944935,264.625156,249.795329,252.618969,257.475439,297.526441,307.531045,376.438765,395.460939,354.087627,342.382225,283.124470,312.825901,305.046560,325.695855,328.051047,378.395558,415.483133,415.476379,397.938977,361.696198,376.154613,361.446391,371.600028,378.454275,403.681517,429.492494,448.271356,476.808985,453.663960,444.812531,433.089253,433.559354,429.205530,420.653618,463.383048,483.796461,523.247797,541.917573,510.749861,491.579041,489.716227,476.092600,493.931341,483.842914,522.784726,541.090303,571.725044,600.941643,555.333338,529.472829,533.156569,529.178361,550.570506,557.715120,584.987489,606.213815,608.354565
6,349.569816,292.319798,234.264854,158.263543,110.120944,65.556135,0.000000,85.815960,121.934198,191.307839,362.797784,295.586423,226.047476,170.288593,114.382313,92.340252,69.474400,104.408618,167.844887,208.028561,373.370689,309.053884,240.734628,187.100222,166.751823,140.531519,115.798997,147.784714,217.623791,232.200647,390.722579,337.496809,281.141244,245.219939,205.453704,183.984715,190.855077,231.135414,253.322067,282.765754,414.440860,362.283857,337.350904,305.459663,271.728156,262.077615,256.249546,277.758871,278.925232,337.599084,451.632146,404.356993,386.976838,316.402752,337.691388,318.691962,322.188881,313.085260,352.586154,385.704160,465.326967,442.810875,398.683012,408.823701,381.297773,379.084505,380.823431,395.614287,412.517714,423.505454,524.263192,496.641134,477.420113,459.419588,453.237385,438.650715,418.808331,453.218367,470.416415,502.097629,584.567489,549.171164,522.658896,513.161102,491.992555,502.048780,485.195347,519.572431,526.821623,550.452615,641.446168,590.161794,558.166044,555.295508,548.272121,560.675276,558.431199,581.074884,594.292124,591.300944
7,428.852249,373.309420,315.613598,240.948193,192.552671,145.260096,85.815960,0.000000,45.718031,115.314563,438.970833,369.909474,294.196889,243.081929,178.949932,137.926146,52.163885,42.063343,82.034794,122.389283,439.721544,375.967354,298.976078,243.918248,200.992380,161.754941,114.144176,84.269724,140.007509,150.270286,448.598885,391.615248,333.284917,278.821529,228.148933,195.433518,173.405826,179.209881,186.386322,204.591288,463.933928,403.132881,372.042464,332.050324,275.144764,250.033188,230.778264,226.473648,216.716324,262.384722,497.961247,441.361062,415.547102,331.841345,340.452363,307.658432,288.665994,265.638439,290.553298,318.468293,500.182860,470.157163,415.569432,419.166940,375.133245,356.726860,351.813622,352.965512,358.724374,360.739690,553.992050,519.752873,485.548402,459.214206,444.143808,416.529452,383.020180,406.286072,419.311820,441.733795,605.529738,564.226169,527.487533,507.524980,476.730315,476.390129,451.424303,479.401063,473.597253,489.253608,658.199960,599.104145,558.841592,546.925266,535.926591,536.256476,522.265490,538.919738,542.668058,534.064982
8,470.312167,413.755266,355.771958,280.069137,231.764025,185.567018,121.934198,45.718031,0.000000,70.740312,481.756854,413.192113,338.674177,286.413391,223.374214,183.493936,97.664748,76.872176,61.126729,100.264858,484.717515,420.806603,344.511602,289.430847,246.322081,206.432073,157.304837,106.204646,138.196200,139.751539,494.260920,437.331497,379.002904,323.656251,272.086833,238.138490,209.765592,199.135508,194.037984,197.992420,509.553325,448.265651,416.621774,375.715917,314.720235,285.639465,262.006165,244.473735,227.066182,257.911936,543.394380,486.026641,459.134497,373.513082,379.004401,342.452866,314.681065,284.695322,298.548182,321.233966,544.456400,513.355502,456.970957,459.022746,410.629364,386.464808,378.708986,372.832503,371.477330,366.649504,597.373507,562.008130,524.434272,495.857586,477.972749,445.587976,406.121824,422.770507,432.957728,448.437282,647.090756,604.547608,565.232349,542.081052,507.995813,503.287760,474.691491,498.979116,485.177387,494.791953,698.655510,637.710223,595.176925,580.282305,567.883784,563.222002,543.622537,556.839070,554.693872,542.234400
9,540.558783,483.610822,425.564351,349.533643,301.425504,255.788071,191.307839,115.314563,70.740312,0.000000,552.401547,483.917444,409.271355,357.150423,293.966106,253.033938,165.776864,136.863532,70.585089,83.824677,555.029275,491.233274,414.032678,359.033358,312.584054,271.248412,220.152615,149.442534,144.775166,132.373316,563.222752,505.712863,447.271216,388.054821,334.653490,298.673091,261.071582,228.411753,206.428096,188.231701,576.515903,513.176551,479.948157,436.959919,368.636991,333.598910,303.981889,267.984787,240.545450,246.641618,609.315350,549.393691,519.808992,430.617564,430.316718,387.961175,347.138420,307.778033,304.358988,318.050332,606.590328,572.920101,512.957173,511.989743,456.290628,423.040367,410.930149,394.246115,381.957572,366.725020,657.115465,619.287908,575.135236,542.658287,520.033665,480.111073,431.816943,437.771406,443.322408,447.693676,702.588307,657.633105,613.553616,584.822316,545.404652,533.521309,499.452529,517.500805,491.332767,491.379418,751.677322,687.287234,640.730726,620.636835,605.915235,592.906443,564.391487,571.946988,560.509163,542.184390
10,35.714417,85.349765,135.983519,209.762397,254.573204,297.322952,362.797784,438.970833,481.756854,552.401547,0.000000,70.166527,151.804606,196.055086,261.874648,309.020402,394.312272,433.248506,514.134534,548.799297,83.818789,93.448528,173.116531,214.646627,283.153680,321.367628,366.224660,455.464828,529.027919,553.449622,144.367515,159.201196,178.847326,258.994055,299.266483,330.528979,393.005195,480.575009,529.560139,583.981353,201.539242,230.053610,253.593117,282.335344,355.575126,397.357647,430.509655,506.748362,535.708384,620.100785,236.420563,261.752445,294.112455,325.681110,377.179135,415.082860,484.514793,518.734487,589.428096,632.586158,301.611867,324.602481,348.645897,379.885073,428.094887,482.342365,505.277612,559.418388,608.531924,647.876483,362.423718,374.737641,427.304754,449.819469,480.214556,518.615867,552.726518,616.074472,644.187902,704.056168,444.895086,445.338669,470.462100,506.448469,529.285934,575.625246,593.159149,642.899777,697.608368,748.439723,507.009788,501.429252,512.679599,547.463341,558.168636,614.868166,658.413257,699.812167,747.960547,767.800642
11,73.368726,61.555256,83.176504,148.014689,189.531733,230.041687,295.586423,369.909474,413.192113,483.917444,70.166527,0.000000,82.111251,126.840637,192.071909,238.917363,324.556542,363.271992,444.325004,478.745279,95.096610,52.261165,109.437793,145.651181,214.822084,252.002035,296.198241,385.318548,459.006588,483.331824,143.366520,129.820424,127.201924,199.389385,234.286631,263.503555,325.325025,412.363556,460.648338,514.417353,195.255390,199.914596,213.637711,232.806043,296.468820,335.077441,366.090627,440.187455,467.843362,551.555016,235.235938,239.284456,261.770951,275.071780,325.877953,358.106285,422.984406,454.155401,523.558674,566.450767,289.480823,301.705928,311.627940,340.914204,378.791891,427.503520,448.594922,499.732955,546.499287,583.759521,354.020036,356.430388,395.567347,411.283302,436.631437,468.286374,496.298933,557.687330,585.077653,642.772839,434.699968,426.407908,441.274796,469.878692,485.904172,528.020325,541.112219,589.911010,639.667746,688.085420,497.833582,481.366891,483.844020,512.581462,520.431381,571.314743,608.950767,648.507466,692.799409,710.100001
12,153.209153,117.268491,88.002157,104.716693,130.773778,162.068929,226.047476,294.196889,338.674177,409.271355,151.804606,82.111251,0.000000,57.988128,115.306278,159.444012,246.616671,284.150312,365.759497,398.990775,147.328405,83.007862,46.138404,63.928435,133.448572,169.900679,214.525181,304.114732,377.291907,401.911453,170.421991,127.194483,87.964620,132.372936,157.082069,183.295013,244.224731,330.739919,378.638418,432.322667,206.502999,180.185601,177.728274,180.192102,226.426737,260.095614,288.242000,359.852483,386.412877,469.682350,247.163300,224.945060,232.055467,218.209404,266.034124,289.740219,348.129027,375.732147,443.704614,486.298602,283.666698,281.560628,272.182909,297.449071,320.224611,360.847828,379.386372,426.524992,470.450654,505.458138,348.780239,338.994647,359.536829,366.006177,384.231709,406.757011,426.955888,485.637521,512.078074,567.214941,424.041717,405.415119,407.074527,425.684049,432.832102,469.100692,476.644918,523.926708,567.734830,613.379421,486.579341,457.393858,449.006849,469.647996,473.819905,516.837670,546.992129,584.098946,623.743773,638.170638
13,188.758991,138.791365,87.757794,57.468741,73.135964,105.311103,170.288593,243.081929,286.413391,357.150423,196.055086,126.840637,57.988128,0.000000,66.609958,115.355619,198.484679,237.947482,318.314912,353.705236,204.005906,139.952863,88.939627,60.714811,116.744785,141.914621,177.538207,263.475316,338.664588,361.602623,228.176559,182.248199,135.007800,149.631969,153.294277,168.194614,222.442618,304.061998,347.922492,397.383888,261.872359,227.475537,217.323091,207.844606,231.364041,255.028179,275.947157,338.755331,360.181275,439.718031,302.016428,272.572641,272.342821,239.483731,281.986682,294.459686,340.808347,360.122930,423.175493,464.411712,332.966891,325.069909,305.103573,326.721491,335.678631,365.927404,380.606232,420.757641,458.916354,488.618561,397.228951,382.534821,392.397588,392.156025,404.064933,417.058793,427.145973,480.984342,505.603697,555.731309,469.403329,446.169618,440.248266,451.557246,451.175787,481.209881,482.465086,527.318154,562.443328,603.126904,531.068142,495.908701,481.144204,495.831202,497.085261,532.723570,554.893152,588.819954,622.203972,632.346961
14,255.368635,204.432190,150.391993,91.300265,62.716430,58.049750,114.382313,178.949932,223.374214,293.966106,261.874648,192.071909,115.306278,66.609958,0.000000,49.227041,132.484663,171.503605,252.271500,287.219110,261.735632,197.611847,126.360661,73.397154,80.555877,87.364570,113.467884,197.231886,272.697922,295.247916,276.419090,223.277105,167.605303,145.667935,124.422517,124.374473,168.138602,243.978638,285.029889,332.396024,300.818028,252.493839,232.019835,208.247219,203.425947,214.995775,228.014423,282.028150,299.728424,376.692095,338.711709,296.058932,284.767985,229.618843,263.289594,262.723620,295.526959,307.272030,365.859910,405.862284,357.443568,340.204275,306.057115,322.104067,314.121557,332.149705,342.549549,375.308714,408.016913,433.360697,418.786420,396.176892,390.434671,381.562878,385.551064,387.560987,387.147907,435.700549,458.446123,504.012621,484.403399,454.228156,437.629357,439.281689,429.913896,452.471089,447.137731,488.992367,515.778023,552.060588,543.795163,499.818179,476.384516,483.156991,480.815201,507.372770,520.748513,551.148190,578.373732,584.714211
15,303.914389,253.620712,199.508607,136.651734,98.018985,66.005057,92.340252,137.926146,183.493936,253.033938,309.020402,238.917363,159.444012,115.355619,49.227041,0.000000,87.889995,124.711729,206.341559,239.863738,302.669676,239.459774,161.050672,106.007244,74.435737,55.280189,65.395939,148.135445,223.496809,246.247051,310.845019,254.442837,196.417754,153.042531,114.491760,99.318489,128.435153,197.811841,236.846232,283.264958,328.580911,272.296499,245.689777,213.134409,186.230183,186.659570,192.238009,238.078823,253.005736,328.304873,364.212301,313.413040,294.722159,225.527057,250.740219,239.649356,260.496272,266.059457,320.979326,360.023056,374.056164,350.541096,307.010324,318.444562,297.690230,305.665251,312.499984,339.089153,367.466846,389.613636,432.272417,404.305105,387.206477,372.034841,369.933157,363.475975,354.975685,399.085667,420.306700,462.426586,492.255754,457.375132,433.124837,427.534397,411.514144,428.130551,417.877880,457.134953,477.687140,510.758282,549.352969,499.336181,469.759372,470.546431,465.539997,485.025994,491.751121,519.361707,542.016813,545.664670
16,386.614434,333.152188,276.461326,204.833147,157.647949,110.362446,69.474400,52.163885,97.664748,165.776864,394.312272,324.556542,246.616671,198.484679,132.484663,87.889995,0.000000,40.962782,119.838553,155.916487,390.559554,327.281487,248.463574,193.598321,148.832702,110.042186,65.207216,79.590282,152.814094,170.821128,397.446391,340.063980,281.659051,226.856639,176.990506,145.848094,133.408009,162.259206,184.246493,217.249885,411.892931,351.006625,320.202202,280.963284,228.792435,209.063220,196.092736,209.275630,209.452571,270.147453,445.805623,389.448496,364.445483,282.760728,294.867173,266.902542,259.281819,245.614136,283.131697,316.358260,448.507554,419.349185,366.558155,371.781242,332.919521,321.610138,320.225553,329.897380,344.059017,354.057823,502.978475,469.756850,439.026671,415.240241,403.447879,381.622681,355.600583,386.440001,402.633982,432.848441,556.109051,516.062396,482.087688,465.706123,438.811902,443.551148,423.049756,455.099204,458.681937,481.158846,609.795628,552.645128,514.888618,506.303175,496.925117,502.958752,495.543975,516.061565,526.595913,522.511821
17,426.494139,373.605999,317.142133,245.792751,198.575086,151.192633,104.408618,42.063343,76.872176,136.863532,433.248506,363.271992,284.150312,237.947482,171.503605,124.711729,40.962782,0.000000,81.839951,115.766834,426.109536,363.525499,282.580344,228.425159,176.605282,134.661716,83.292379,45.527741,113.508368,130.198561,429.630007,371.259697,312.841180,251.211729,197.911830,162.574244,133.506174,138.502581,151.177717,178.515819,440.431185,376.352790,343.153307,300.748316,237.849543,209.864353,189.082772,185.991168,179.457819,233.288069,472.686113,412.612217,383.924927,296.977095,302.266686,267.177347,246.613032,224.660936,253.622711,284.043679,470.143075,437.675959,380.294194,382.152051,335.032895,314.893975,309.755822,311.590817,319.378853,324.343583,521.810289,485.630745,447.670270,419.770322,403.376006,374.635049,341.120016,365.623654,379.479680,404.596614,570.411869,527.678768,488.760756,467.069946,435.230549,434.345673,409.478550,437.942820,434.362352,452.507466,621.789871,561.019273,519.257472,506.034718,494.615197,494.220644,480.500926,497.747622,503.153457,496.036089
18,506.225543,452.057132,394.839526,321.296327,273.096433,225.458368,167.844887,82.034794,61.126729,70.585089,514.134534,444.325004,365.759497,318.314912,252.271500,206.341559,119.838553,81.839951,0.000000,40.908512,507.922416,445.362338,364.228925,310.222041,256.421424,213.728724,161.682318,81.138968,81.463341,79.035140,510.483834,451.746271,393.455170,328.158216,273.247083,235.822463,193.099617,158.369027,141.445228,137.621212,519.206740,453.047122,418.118213,373.369250,300.863241,264.014944,233.542569,199.488159,175.506638,197.709628,550.173897,487.276718,455.335803,364.123290,361.308099,317.762013,277.056306,239.651874,243.829795,263.327887,543.058162,507.441834,445.555238,443.320969,386.015713,352.605551,341.009642,327.036466,319.340433,310.038813,591.549687,552.291525,505.665086,472.452213,449.459557,409.946151,363.388467,373.227662,380.992433,391.823161,634.586631,588.762884,543.529805,514.256077,474.980172,464.159656,431.443392,451.697596,431.389388,437.406231,682.687687,617.446861,570.320781,550.070218,535.467095,523.735888,497.827907,507.682596,500.913340,486.088663
19,542.253482,489.067641,432.273180,359.645869,311.696322,263.999325,208.028561,122.389283,100.264858,83.824677,548.799297,478.745279,398.990775,353.705236,287.219110,239.863738,155.916487,115.766834,40.908512,0.000000,538.726096,477.059769,394.335836,341.330975,283.519765,240.528619,189.079323,100.580046,63.895239,48.554019,537.973418,478.681567,420.847398,351.204480,295.446518,257.031457,207.207794,154.953702,124.879921,105.509407,543.283362,474.924005,438.458625,391.980630,313.501741,272.178388,237.464481,189.493335,158.589228,165.018128,572.528509,506.905909,472.240854,378.576121,370.316728,322.461684,271.981701,228.266323,220.591091,234.810942,560.771376,522.646527,457.778449,452.716581,389.708915,349.428043,334.672981,313.135892,298.422733,283.165372,606.293835,564.794691,512.402782,476.126344,449.469526,404.529940,352.069845,354.765928,359.677404,364.373717,644.816573,597.022812,547.907366,514.263304,471.157221,455.188372,418.930420,435.015949,407.511670,408.598993,690.364784,622.426004,572.211742,547.969435,531.691659,514.024842,482.352744,488.699948,476.708663,458.884613
20,117.407454,147.267050,178.195488,237.881438,274.261404,309.115337,373.370689,439.721544,484.717515,555.029275,83.818789,95.096610,147.328405,204.005906,261.735632,302.669676,390.559554,426.109536,507.922416,538.726096,0.000000,64.321967,144.556699,197.707674,258.089887,300.250521,350.180143,440.435148,509.785952,536.001170,60.559852,87.932940,128.515369,212.546887,262.093469,298.159507,361.053895,449.002970,500.767215,558.943399,117.738220,153.491040,183.117112,219.992221,303.743186,350.329034,387.585677,468.505463,501.801938,588.302790,153.054694,180.535583,216.847700,262.875785,313.736885,358.283078,434.199883,474.656374,547.976554,591.489890,217.886686,242.746250,273.156755,305.194373,361.448152,421.355229,446.523017,504.715180,557.655599,601.203796,278.663302,291.524273,347.945218,373.985577,407.674691,451.849317,493.035483,558.677670,587.708516,650.930558,361.109171,362.038834,389.760229,428.981860,456.145661,505.662300,527.562915,578.002181,638.897030,693.335424,423.313876,418.198075,431.658168,468.867112,481.055526,541.282484,589.647588,632.686204,685.075902,708.310328
21,112.898532,113.811573,126.447147,177.124964,211.032292,244.893962,309.053884,375.967354,420.806603,491.233274,93.448528,52.261165,83.007862,139.952863,197.611847,239.459774,327.281487,363.525499,445.362338,477.059769,64.321967,0.000000,85.644188,135.790793,199.757717,240.808778,289.437863,379.793502,450.673983,476.369891,96.794712,77.666820,85.414761,166.373102,209.875964,243.565003,306.648568,394.789194,445.402751,502.115532,144.964192,148.373525,165.039882,189.707262,262.460871,305.276363,339.728277,417.956253,448.938360,534.575438,185.575367,187.082903,211.018709,232.901300,284.335962,321.646408,391.908838,427.823695,499.571834,542.940080,237.490281,249.630836,262.440608,292.539418,335.904852,388.989866,411.829315,466.217461,515.979640,556.398819,302.240221,304.184683,345.087848,362.926571,390.522543,426.224239,459.285495,522.677757,550.861114,611.171095,382.634407,374.213097,390.317296,420.934115,439.776624,484.248015,500.360551,549.914851,604.173489,655.294252,445.788059,429.262953,432.877668,463.162577,471.970654,525.379207,566.419856,607.268965,654.648296,674.355023
22,182.747282,156.968468,133.889384,143.784174,159.844238,181.278351,240.734628,298.976078,344.511602,414.032678,173.116531,109.437793,46.138404,88.939627,126.360661,161.050672,248.463574,282.580344,364.228925,394.335836,144.556699,85.644188,0.000000,55.093730,114.271731,155.883870,205.632083,295.879263,365.691182,391.683826,150.488145,97.263861,46.070184,90.923019,126.150435,158.332211,221.311071,309.384452,359.792437,416.511086,175.985225,138.780961,132.475899,134.419670,187.545903,225.703596,257.575832,333.833018,363.836658,449.180559,215.181805,183.889282,187.209669,173.405826,222.274685,249.902324,313.559119,345.786506,416.318925,459.503428,244.067332,238.101623,226.112209,251.324084,276.261736,320.188904,340.234038,390.388897,437.157378,475.147595,308.490465,295.646868,313.522090,319.999885,339.036221,363.943366,387.945479,448.573224,475.792570,533.357084,381.726358,361.030345,361.113810,379.660546,387.827917,425.532632,435.108747,483.146661,530.616952,578.651544,443.840839,412.390850,402.978716,423.586800,427.999532,472.211299,504.523666,542.646759,584.705842,601.075176
23,217.132782,178.318319,138.074526,117.131814,117.950795,130.514048,187.100222,243.918248,289.430847,359.033358,214.646627,145.651181,63.928435,60.714811,73.397154,106.007244,193.598321,228.425159,310.222041,341.330975,197.707674,135.790793,55.093730,0.000000,69.553630,106.809462,153.826862,244.129200,315.853104,341.131600,205.384660,150.525086,94.226007,89.100348,97.278265,119.982748,180.347631,266.836770,315.036897,369.461173,227.494500,180.544085,163.766896,148.669533,172.676477,200.770273,226.270166,296.196285,322.485479,405.907388,265.319871,224.807839,218.117594,178.900898,221.388896,236.186145,288.212365,313.110345,380.216017,422.664346,286.145902,272.511183,246.735916,267.123469,275.201231,307.784380,323.925452,367.512034,409.219302,442.741172,348.662870,329.449658,333.577923,331.805945,343.360173,357.576372,371.013401,427.266234,452.910366,506.136800,417.255366,390.763000,381.383050,391.105615,390.551019,421.431634,424.326309,470.087544,509.186697,552.796596,477.916006,439.064554,421.871727,435.379258,436.407555,472.378215,496.218628,531.189498,567.148815,579.457524
24,286.654983,246.896216,202.653703,163.226673,143.037691,130.587660,166.751823,200.992380,246.322081,312.584054,283.153680,214.822084,133.448572,116.744785,80.555877,74.435737,148.832702,176.605282,256.421424,283.519765,258.089887,199.757717,114.271731,69.553630,0.000000,42.992049,94.847972,183.633544,251.696140,277.991686,254.512913,195.436294,137.363505,79.469246,44.021555,51.747139,110.794185,197.555650,246.561984,302.412830,263.952886,202.260897,172.906101,138.707849,122.946496,139.072821,159.471102,226.789926,253.047481,336.950878,297.098777,241.584523,220.633823,152.824132,183.199981,183.198448,224.091710,244.954210,310.948237,353.251261,301.546793,276.393730,233.094212,245.939297,233.596571,253.555667,265.942348,304.081303,342.651298,374.288702,358.595920,329.894870,314.692500,302.663445,305.149563,307.841460,311.786415,364.362805,388.861043,439.559424,417.822266,383.258886,361.209170,359.736291,349.358291,372.691787,369.443483,412.827883,445.728609,486.739154,475.003719,426.059911,398.896594,403.422009,400.527933,427.091758,442.684578,474.717057,505.922729,515.604170
25,322.289308,278.481966,229.672412,178.309377,147.225767,120.966223,140.531519,161.754941,206.432073,271.248412,321.367628,252.002035,169.900679,141.914621,87.364570,55.280189,110.042186,134.661716,213.728724,240.528619,300.250521,240.808778,155.883870,106.809462,42.992049,0.000000,52.046559,140.734759,209.880755,235.801879,297.494583,238.358599,180.347719,117.235519,67.539391,44.390911,81.354844,162.676507,208.936223,262.655032,305.867816,242.095862,210.291183,171.265990,132.096074,131.790071,140.901959,197.018769,218.789329,300.321652,338.078045,279.639584,254.653136,176.847900,197.530826,184.371285,208.762719,220.366999,281.380310,322.497548,338.481849,309.813470,260.055505,268.633035,243.106121,250.687743,258.410859,288.293158,320.804785,347.579232,393.200188,361.219909,337.090122,319.211976,315.347663,308.265715,301.790934,348.629784,371.129016,417.004401,448.295100,410.462899,382.145618,373.800379,356.431071,372.968901,363.661541,403.910003,428.478201,464.946618,503.520647,450.103185,417.717363,416.487914,410.883140,429.757906,437.512268,466.148547,491.431095,497.353334
26,364.157319,316.323661,263.616627,202.020248,161.790213,122.714731,115.798997,114.144176,157.304837,220.152615,366.224660,296.198241,214.525181,177.538207,113.467884,65.395939,65.207216,83.292379,161.682318,189.079323,350.180143,289.437863,205.632083,153.826862,94.847972,52.046559,0.000000,90.360765,162.808955,187.486868,349.287936,290.282794,232.147289,167.925829,114.933777,81.297996,75.205729,132.987358,171.615542,219.897829,357.769123,293.075629,259.991590,218.411666,163.715081,147.205398,140.908746,174.937759,187.782594,263.230262,389.547529,329.456809,301.835231,217.955776,229.901983,204.571644,207.848530,205.578371,256.720635,295.112123,387.355269,356.184613,301.747002,306.580958,269.316363,263.339890,265.257182,283.621448,306.930399,326.063540,440.132801,405.618076,373.838929,350.663885,340.505302,323.001782,304.260282,342.602585,362.007281,400.540821,491.550005,450.989047,417.054288,402.013562,377.566564,386.264378,369.971700,405.704928,419.162037,449.013754,544.795994,487.452744,450.239537,443.179553,434.785462,444.978878,443.445948,467.575446,485.051285,485.944948
27,451.816467,401.645847,346.784420,278.938437,233.466666,187.425813,147.784714,84.269724,106.204646,149.442534,455.464828,385.318548,304.114732,263.475316,197.231886,148.135445,79.590282,45.527741,81.138968,100.580046,440.435148,379.793502,295.879263,244.129200,183.633544,140.734759,90.360765,0.000000,75.870626,98.193112,437.792941,378.381749,320.748521,250.723975,195.073032,156.860010,112.021932,95.271023,105.963198,138.652196,442.741708,374.792757,338.873419,293.246168,219.787826,184.336258,156.998897,142.306689,133.940492,190.560872,472.306544,407.709513,374.705543,283.017349,280.880553,239.536642,208.576011,181.749570,208.101581,238.789615,462.726557,426.475386,364.444776,362.646811,307.957596,280.461029,272.543294,269.459064,274.605776,278.816221,510.541655,471.155864,425.731221,394.041866,373.598233,339.435767,300.994805,322.112322,335.069838,359.110473,553.627613,508.239526,464.561579,438.085342,402.273098,397.167467,369.565087,395.934217,389.542239,406.992572,602.260363,538.069614,492.683743,475.411361,462.351877,457.109978,439.499003,455.050893,458.516371,450.727852
28,526.534523,477.117514,422.539741,354.727314,308.941754,262.449941,217.623791,140.007509,138.196200,144.775166,529.027919,459.006588,377.291907,338.664588,272.697922,223.496809,152.814094,113.508368,81.463341,63.895239,509.785952,450.673983,365.691182,315.853104,251.696140,209.880755,162.808955,75.870626,0.000000,27.943817,502.643860,442.928801,386.596308,310.960588,255.193486,216.528177,159.376920,93.568793,61.662904,65.192003,502.339817,431.364313,393.186372,345.039318,261.013250,216.239229,178.831149,125.630319,95.772066,122.430638,528.895927,460.127435,422.503734,327.063995,313.866048,263.288843,208.677742,164.405244,162.375302,183.042004,511.375184,470.763024,403.419696,396.004524,329.482598,286.405760,270.992498,249.786304,238.362187,228.933939,553.558425,510.139978,453.529273,415.557302,387.284400,340.917337,288.295869,293.249510,299.971153,310.757185,588.024006,538.917338,487.526644,451.954973,407.782076,391.295685,355.378770,372.736276,349.956654,356.761458,631.659146,562.220609,510.568181,484.941056,468.275842,450.166998,419.643390,427.590248,419.470513,404.881380
29,550.007869,499.565904,444.289039,374.913373,328.292266,281.172379,232.200647,150.270286,139.751539,132.373316,553.449622,483.331824,401.911453,361.602623,295.247916,246.247051,170.821128,130.198561,79.035140,48.554019,536.001170,476.369891,391.683826,341.131600,277.991686,235.801879,187.486868,98.193112,27.943817,0.000000,529.802480,470.101780,413.520716,338.517174,282.683072,243.974633,187.282874,119.549286,80.264918,58.697747,530.059438,459.222836,421.102290,372.980760,288.777061,243.579240,205.557888,147.249336,112.727355,118.806527,556.775770,488.071161,450.386781,354.868369,340.948615,289.585619,231.732557,184.393439,172.156443,186.689295,539.259389,498.480316,430.846312,422.943102,355.166103,309.724234,292.889357,267.233444,250.237230,234.762447,581.157753,537.463298,479.714461,440.941613,411.465094,362.898289,307.237674,307.062455,311.357696,316.116685,614.832884,565.339134,512.959382,475.940126,430.269499,411.204196,373.274017,387.708399,358.959670,360.702415,657.812926,587.703917,535.121269,507.981692,490.613265,469.488806,435.377348,440.717757,428.156100,410.618503
30,177.532443,201.518540,222.881195,271.643193,301.178187,329.474765,390.722579,448.598885,494.260920,563.222752,144.367515,143.366520,170.421991,228.176559,276.419090,310.845019,397.446391,429.630007,510.483834,537.973418,60.559852,96.794712,150.488145,205.384660,254.512913,297.494583,349.287936,437.792941,502.643860,529.802480,0.000000,59.718718,117.149937,193.676177,248.203310,286.473075,347.339017,433.406430,486.429073,546.656502,57.178566,104.208887,140.322184,184.430889,274.837915,324.250122,364.055229,447.195222,483.422980,570.429154,93.681100,123.394726,164.171057,224.853625,273.550823,323.295176,403.446791,448.477029,522.938633,566.256551,157.365729,184.229017,221.461612,253.883936,317.261177,381.489317,408.292525,469.265207,524.842443,571.404808,218.280758,231.436663,291.535144,320.862536,357.415353,406.471882,453.458314,520.442656,550.005307,615.520867,300.664369,301.830385,331.904764,374.012819,404.996323,457.046263,482.603473,533.315330,599.003466,656.063965,363.005670,358.025278,373.417679,412.730626,426.211111,489.324735,541.620452,585.846341,641.514596,667.410898
31,185.690571,191.355500,196.892629,231.845129,255.022234,278.537723,337.496809,391.615248,437.331497,505.712863,159.201196,129.820424,127.194483,182.248199,223.277105,254.442837,340.063980,371.259697,451.746271,478.681567,87.932940,77.666820,97.263861,150.525086,195.436294,238.358599,290.282794,378.381749,442.928801,470.101780,59.718718,0.000000,58.460838,134.408283,188.564444,226.773250,287.824614,374.223911,427.121575,487.159645,79.625143,71.688089,95.771645,132.552903,219.297245,267.643140,306.630515,389.255277,424.806460,511.790496,120.012343,109.471760,135.451784,175.137662,225.845443,271.481929,349.222161,392.197556,466.323942,509.765358,162.005474,171.969463,189.444718,220.761046,273.663807,333.574720,359.027081,418.000462,471.955513,516.921892,227.310773,226.685159,269.368425,290.620274,321.867360,364.155218,405.340442,471.269028,500.438967,564.353703,306.456549,296.588023,313.814373,347.394135,370.736174,418.801613,439.759504,490.150622,551.221019,606.232776,369.621546,351.596165,356.315622,388.769090,399.022715,456.210170,502.474077,545.155354,597.145891,620.518109
32,196.596751,183.819952,171.855121,189.510494,205.445559,224.238863,281.141244,333.284917,379.002904,447.271216,178.847326,127.201924,87.964620,135.007800,167.605303,196.417754,281.659051,312.841180,393.455170,420.847398,128.515369,85.414761,46.070184,94.226007,137.363505,180.347719,232.147289,320.748521,386.596308,413.520716,117.149937,58.460838,0.000000,84.158204,134.428288,171.624998,233.896583,321.415969,373.700896,432.834223,133.307738,92.951244,91.339797,105.700914,178.035397,222.763132,259.258928,339.994560,373.613205,460.296756,171.229001,138.020321,144.684824,148.373443,199.586070,236.349404,308.181675,346.669236,419.664504,463.170822,198.012895,193.601731,188.373036,215.982578,251.929491,303.605951,326.446329,381.394923,432.167464,474.085658,262.534037,251.056544,274.780410,285.979732,309.627147,341.844566,373.879388,437.464878,465.785536,526.793026,336.462226,317.557938,321.843845,345.180481,358.873923,400.967985,415.478560,464.831739,518.859928,570.503914,398.832294,369.904086,364.134365,388.533180,394.959268,444.203242,482.351366,522.602991,569.280699,589.000727
33,272.220013,247.593983,218.828781,206.210693,202.070200,202.214696,245.219939,278.821529,323.656251,388.054821,258.994055,199.389385,132.372936,149.631969,145.667935,153.042531,226.856639,251.211729,328.158216,351.204480,212.546887,166.373102,90.923019,89.100348,79.469246,117.235519,167.925829,250.723975,310.960588,338.517174,193.676177,134.408283,84.158204,0.000000,55.952701,94.687065,153.822504,239.816795,292.762374,353.046043,192.158294,125.157873,93.556128,62.580658,97.128115,139.059781,175.101889,256.197172,290.725357,377.642962,222.015787,162.607843,141.786088,89.853481,134.441618,159.001743,225.576809,262.581371,335.508386,379.016003,222.174754,197.631483,160.679066,178.858266,188.669560,229.324993,249.393720,300.812277,349.637065,390.395912,279.280442,252.166950,246.252859,242.726486,255.130563,274.395264,297.109978,358.364972,385.956496,445.065812,340.372113,308.629016,293.867444,302.005290,302.908526,336.978049,344.579968,392.348668,440.303464,489.638587,398.822157,354.346415,333.763653,346.279017,347.532255,385.867758,414.635888,452.099064,493.821987,510.724010
34,307.551415,274.059486,235.291302,203.860813,186.656101,174.054574,205.453704,228.148933,272.086833,334.653490,299.266483,234.286631,157.082069,153.294277,124.422517,114.491760,176.990506,197.911830,273.247083,295.446518,262.093469,209.875964,126.150435,97.278265,44.021555,67.539391,114.933777,195.073032,255.193486,282.683072,248.203310,188.564444,134.428288,55.952701,0.000000,38.745217,99.532274,187.027891,239.291077,298.752734,248.074985,179.873586,145.312387,103.973836,79.800210,103.557208,131.809315,208.085092,239.826611,326.212252,277.266293,214.742751,187.464850,111.085433,139.196225,141.681011,191.299530,219.888354,290.187799,333.415533,272.425802,242.411410,193.343056,203.953150,189.716388,212.884528,227.398624,270.322788,313.378766,349.473749,325.988938,293.698715,272.718456,259.037744,261.159032,265.624237,274.176057,330.000356,355.782781,410.133320,380.883534,343.861111,318.755425,315.841125,305.595656,330.312614,329.326403,374.034256,411.948676,456.375953,436.553920,384.935436,355.849355,359.467540,356.511813,383.993807,402.050403,435.531313,469.992995,482.253214
35,336.106375,298.122876,254.397750,212.236879,186.554256,164.355932,183.984715,195.433518,238.138490,298.673091,330.528979,263.503555,183.295013,168.194614,124.374473,99.318489,145.848094,162.574244,235.822463,257.031457,298.159507,243.565003,158.332211,119.982748,51.747139,44.390911,81.297996,156.860010,216.528177,243.974633,286.473075,226.773250,171.624998,94.687065,38.745217,0.000000,63.113487,151.276270,202.611555,261.228826,286.755041,217.943861,182.305595,138.291175,87.885238,90.624359,107.783720,176.709259,205.506116,291.028752,315.506194,251.470428,221.353061,136.923043,153.706836,140.718882,173.158603,193.372167,260.411665,303.080001,307.942439,275.241311,220.714162,226.958749,198.716408,208.460586,218.175079,253.222020,290.921452,322.868347,359.316790,324.321147,294.970461,275.434876,270.956941,265.166372,262.970978,313.606050,337.662201,387.821094,410.331870,370.428574,339.373356,329.589391,312.196336,330.012863,322.859723,364.682682,394.676460,435.042381,464.036083,408.361302,374.279490,372.171528,366.494346,386.271130,396.549564,426.811077,455.660970,464.382293
